323
324
323
319
334
362
385
419
413
388
366
355
343
325
310
314
277
313
298
310
264
267
312
186
269
331
186
214
308
271
140
221
229
200
186
208
213
201
168
161
176
212
214
213
204
193
242
253
250
226
242
239
234
251
249
262
267
283
276
268
315
285
283
320
300
257
277
270
282
289
289
230
219
275
245
282
304
309
247
258
288
238
268
296
284
305
265
248
306
317
263
297
293
250
284
305
277
287
274
278
322
326
309
302
279
304
337
318
265
370
339
273
302
353
341
341
346
355
422
369
435
618
622
574
627
633
500
493
448
413
456
444
415
401
416
444
436
431
423
427
445
400
385
380
419
399
349
401
456
352
469
494
346
335
410
352
385
423
351
336
419
367
370
421
383
345
390
376
390
361
379
355
377
369
334
363
392
359
346
371
353
391
375
366
333
364
368
372
354
342
334
319
318
376
340
281
331
430
273
303
398
313
233
425
400
194
295
484
334
225
386
451
231
266
454
317
216
365
373
216
281
405
248
142
421
309
150
324
344
206
210
321
231
205
371
264
180
313
203
195
260
188
178
174
196
210
208
194
188
244
215
247
260
267
260
214
255
269
228
260
309
241
209
305
299
254
282
310
257
302
298
271
334
297
245
343
365
227
244
373
365
254
309
416
321
270
429
377
273
441
479
250
416
589
291
472
532
424
496
477
509
459
448
460
449
464
423
437
417
407
430
423
422
397
381
381
411
349
343
400
351
316
429
377
284
412
388
235
379
430
194
281
497
308
259
418
407
147
294
596
256
223
435
371
193
340
414
325
330
445
226
296
516
324
189
374
411
241
266
484
359
288
495
475
236
330
453
295
325
496
315
238
462
428
184
373
638
224
297
502
261
230
540
347
224
332
398
299
311
480
318
185
455
443
152
341
530
224
278
493
247
217
496
335
218
360
483
124
406
465
162
365
464
179
326
560
233
260
424
374
236
413
467
134
328
472
286
269
526
249
254
475
367
241
376
470
172
300
493
313
245
504
382
163
357
481
223
295
558
213
250
393
334
234
346
456
208
241
525
308
255
379
448
181
295
429
349
257
394
432
193
349
477
226
318
447
271
263
486
414
171
308
463
310
222
490
393
166
285
539
294
251
497
354
251
363
447
207
348
503
205
273
505
247
248
414
354
239
364
443
229
310
470
259
227
467
295
234
422
389
220
342
462
222
257
524
339
242
345
435
243
307
469
244
223
551
336
217
331
396
280
237
428
422
233
349
443
190
274
565
218
259
383
336
257
359
477
244
260
533
350
225
341
450
231
252
496
361
242
327
447
246
212
494
380
249
309
459
299
232
395
456
195
338
431
288
274
491
291
211
464
368
262
360
416
204
408
497
163
388
458
208
247
566
276
264
339
373
290
291
382
369
271
335
414
268
326
473
245
182
487
335
270
369
400
210
351
473
201
291
483
293
239
436
394
202
313
456
311
224
467
414
163
303
455
309
248
480
382
229
348
447
209
274
571
184
204
494
326
238
409
438
215
338
443
213
264
558
288
246
349
379
268
312
390
346
273
341
393
320
292
502
276
247
403
379
233
367
457
161
313
510
263
215
527
301
241
371
419
264
300
448
323
216
420
455
180
336
442
213
301
533
232
268
400
298
222
434
448
154
312
496
276
225
475
370
248
304
472
235
197
480
354
267
343
386
303
354
392
296
319
543
226
187
505
343
261
375
474
179
281
448
332
256
386
452
160
265
463
316
271
425
319
213
487
390
235
321
446
271
184
430
388
246
381
463
152
284
460
306
262
415
354
231
331
452
204
261
555
304
245
377
427
198
310
455
358
248
426
428